28
34636 4.63939e+06
24856 4.64272e+06
21913.6 4.64337e+06
-28219.5 4.64358e+06
-79641.7 4.64357e+06
-154351 4.64353e+06
-349755 4.64329e+06
-409248 4.64319e+06
-426930 4.64123e+06
-433264 4.63904e+06
-435085 4.62586e+06
-435786 4.58622e+06
-436150 4.53387e+06
-436292 4.34844e+06
-436326 3.38355e+06
-436343 530144
-436344 341091
-436066 -30012.2
-427351 -33361.2
-407034 -34105.7
-239849 -34094.7
-16113.6 -33956.1
20176.2 -33792
32702.5 -24764.9
34468 -14244.4
34468.9 142299
34609.8 267291
34621.5 2.21549e+06
