25 36 1
1 4 1 2 8 7
2 4 2 3 9 8
3 4 3 4 10 9
4 4 4 5 11 10
5 4 5 6 12 11
6 4 7 8 14 13
7 4 8 9 15 14
8 4 9 10 16 15
9 4 10 11 17 16
10 4 11 12 18 17
11 4 13 14 20 19
12 4 14 15 21 20
13 4 15 16 22 21
14 4 16 17 23 22
15 4 17 18 24 23
16 4 19 20 26 25
17 4 20 21 27 26
18 4 21 22 28 27
19 4 22 23 29 28
20 4 23 24 30 29
21 4 25 26 32 31
22 4 26 27 33 32
23 4 27 28 34 33
24 4 28 29 35 34
25 4 29 30 36 35
1 0 0 0
2 2 0 0
3 4 0 0
4 6 0 0
5 8 0 0
6 10 0 0
7 0 1.6 0
8 1.68 1.36 0.12
9 3.36 1.12 0.24
10 5.04 0.88 0.36
11 6.72 0.64 0.48
12 8.4 0.4 0.6
13 0 3.2 0
14 1.36 2.72 0.24
15 2.72 2.24 0.48
16 4.08 1.76 0.72
17 5.44 1.28 0.96
18 6.8 0.8 1.2
19 0 4.8 0
20 1.04 4.08 0.36
21 2.08 3.36 0.72
22 3.12 2.64 1.08
23 4.16 1.92 1.44
24 5.2 1.2 1.8
25 0 6.4 0
26 0.72 5.44 0.48
27 1.44 4.48 0.96
28 2.16 3.52 1.44
29 2.88 2.56 1.92
30 3.6 1.6 2.4
31 0 8 0
32 0.4 6.8 0.6
33 0.8 5.6 1.2
34 1.2 4.4 1.8
35 1.6 3.2 2.4
36 2 2 3
20
1
2
3
4
5
6
12
18
24
30
36
35
34
33
32
31
25
19
13
7
